*****************************************************************************
11/25/2020 07:08:12 PM
Subject: 3
Session: 1
Short Key: a
Long Key: l
Bias: long
-
-
-
-
-
-
-
-
-
-
1 short 719 a 1 1 0 0 0 0
2 long 1108 l 2 1 1 1 0 0
3 short 882 a 3 1 0 0 0 0
4 long 709 l 4 1 1 1 0 0
5 short 820 a 5 1 0 0 0 0
6 short 893 a 6 1 0 0 0 0
7 short 1052 a 7 1 0 0 0 0
8 long 904 l 8 1 1 1 0 0
9 short 854 a 9 1 0 0 0 0
10 short 1014 a 10 1 1 1 0 0
11 long 586 l 11 1 1 1 0 0
12 short 1083 a 12 1 0 0 0 0
13 long 606 l 13 1 1 1 0 0
14 short 769 a 14 1 1 1 0 0
15 long 654 l 15 1 0 0 0 0
16 long 793 a 16 0 0 1 0 0
17 short 818 a 17 1 0 0 0 1
18 short 960 a 18 1 0 0 0 1
19 short 1017 a 19 1 1 1 0 1
20 long 1477 a 20 0 0 1 0 1
21 long 1729 l 21 1 0 0 0 2
22 short 1471 a 22 1 0 0 0 1
23 long 1693 l 23 1 1 1 0 1
24 short 1102 a 24 1 1 1 0 1
25 long 1320 l 25 1 0 0 0 1
26 long 1087 l 26 1 1 1 0 0
27 long 856 a 27 0 0 1 0 0
28 short 637 a 28 1 0 0 0 1
29 long 2933 l 29 1 0 0 0 1
30 short 1013 a 30 1 0 0 0 0
31 short 1088 a 31 1 0 0 0 0
32 short 814 a 32 1 0 0 0 0
33 long 783 a 33 0 0 0 0 0
34 long 574 l 34 1 1 1 0 0
35 short 904 a 35 1 0 0 0 0
36 short 1168 a 36 1 1 1 0 0
37 long 1156 l 37 1 1 1 0 0
38 long 1670 l 38 1 0 0 0 0
39 long 734 l 39 1 0 0 0 0
40 short 978 a 40 1 0 0 0 0
41 short 1646 l 41 0 0 1 0 0
42 short 718 a 42 1 0 0 1 0
43 long 579 l 43 1 0 0 0 0
44 long 746 l 44 1 1 1 0 0
45 long 684 a 45 0 0 1 0 0
46 short 1495 a 46 1 0 0 0 1
47 long 881 l 47 1 1 1 0 1
48 long 795 a 48 0 0 0 0 1
49 short 586 a 49 1 0 0 0 1
50 long 1036 l 50 1 1 1 0 1
51 long 817 l 51 1 0 0 0 1
52 short 7172 l 52 0 0 0 0 0
53 long 879 a 53 0 0 1 0 0
54 short 532 l 54 0 0 0 0 1
55 long 652 l 55 1 1 1 0 1
56 short 846 a 56 1 0 0 0 1
57 short 981 l 57 0 0 0 0 1
58 short 625 a 58 1 0 0 0 1
59 long 675 l 59 1 1 1 0 1
60 short 597 a 60 1 0 0 0 1
61 short 1575 l 61 0 0 0 0 1
62 short 1009 a 62 1 0 0 0 1
63 long 646 l 63 1 0 0 0 1
64 short 1049 a 64 1 0 0 0 0
65 long 667 l 65 1 1 1 0 0
66 long 943 l 66 1 1 1 0 0
67 long 587 l 67 1 1 1 0 0
68 short 772 a 68 1 0 0 0 0
69 long 595 l 69 1 0 0 0 0
70 long 749 l 70 1 0 0 0 0
71 short 1073 a 71 1 0 0 0 0
72 long 747 l 72 1 1 1 0 0
73 short 2024 a 73 1 1 1 0 0
74 long 677 l 74 1 0 0 0 0
75 long 1399 l 75 1 1 1 0 0
76 short 1222 l 76 0 0 0 0 0
77 long 523 l 77 1 1 1 0 0
78 long 1239 l 78 1 1 1 0 0
79 short 681 a 79 1 0 0 0 0
80 long 808 l 80 1 1 1 0 0
81 short 687 a 81 1 0 0 0 0
82 long 1418 a 82 0 0 1 0 0
83 long 515 l 83 1 1 1 0 1
84 long 794 l 84 1 1 1 0 1
85 short 728 a 85 1 0 0 0 1
86 long 621 l 86 1 0 0 0 1
87 short 991 a 87 1 0 0 0 0
88 short 630 a 88 1 1 1 0 0
89 short 690 l 89 0 0 0 0 0
90 long 571 l 90 1 1 1 0 0
91 short 572 a 91 1 0 0 0 0
92 short 488 a 92 1 0 0 0 0
93 short 505 a 93 1 0 0 0 0
94 long 520 l 94 1 0 0 0 0
95 short 487 a 95 1 0 0 0 0
96 long 400 l 96 1 1 1 0 0
97 short 524 a 97 1 0 0 0 0
98 long 539 l 98 1 0 0 0 0
99 short 461 l 99 0 0 0 0 0
100 long 504 l 100 1 0 0 0 0
101 long 1253 a 101 0 0 1 0 0
102 short 386 a 102 1 0 0 0 1
103 short 1410 a 103 1 0 0 0 1
104 short 2349 a 104 1 0 0 0 1
105 long 6530 a 105 0 0 1 0 1
106 long 923 a 106 0 0 1 0 2
107 short 2281 a 107 1 0 0 0 3
108 short 451 a 108 1 1 1 0 3
109 short 849 a 109 1 0 0 0 3
110 long 1012 a 110 0 0 0 0 3
111 long 544 l 111 1 0 0 0 3
112 long 591 a 112 0 0 0 0 2
113 short 556 l 113 0 0 0 0 2
114 long 606 l 114 1 1 1 0 2
115 long 999 a 115 0 0 1 0 2
116 long 787 a 116 0 0 1 0 3
117 short 1416 a 117 1 0 0 0 4
118 long 448 l 118 1 1 1 0 4
119 short 692 a 119 1 0 0 0 4
120 short 960 a 120 1 1 1 0 4
121 short 892 a 121 1 0 0 0 4
122 long 663 l 122 1 1 1 0 4
123 short 764 a 123 1 0 0 0 4
124 short 1449 a 124 1 0 0 0 4
125 long 1102 l 125 1 0 0 0 4
126 long 557 l 126 1 1 1 0 3
127 long 535 l 127 1 1 1 0 3
128 short 564 a 128 1 0 0 0 3
129 long 644 l 129 1 1 1 0 3
130 short 758 a 130 1 0 0 0 3
131 long 514 l 131 1 0 0 0 3
132 short 476 l 132 0 0 0 0 2
133 long 444 l 133 1 1 1 0 2
134 short 484 l 134 0 0 1 0 2
135 long 254 l 135 1 0 0 1 2
136 short 320 l 136 0 0 0 1 1
137 short 332 l 137 0 0 0 1 1
138 long 352 l 138 1 1 1 1 1
139 short 590 l 139 0 0 0 1 1
140 long 955 l 140 1 1 1 1 1
141 short 435 l 141 0 0 0 1 1
142 long 496 l 142 1 1 1 1 1
143 short 525 a 143 1 0 0 1 1
144 short 1065 a 144 1 0 0 0 1
145 long 365 a 145 0 0 1 0 1
146 long 632 a 146 0 0 1 0 2
147 short 777 l 147 0 0 0 0 3
148 long 466 l 148 1 0 0 0 3
149 long 542 l 149 1 1 1 0 2
150 long 641 l 150 1 0 0 0 2
151 short 824 a 151 1 0 0 0 1
152 short 320 l 152 0 0 1 0 1
153 short 536 l 153 0 0 0 1 1
154 long 367 l 154 1 1 1 1 1
155 short 464 l 155 0 0 0 1 1
156 long 399 l 156 1 1 1 1 1
157 long 393 l 157 1 1 1 1 1
158 short 449 l 158 0 0 0 1 1
159 short 320 l 159 0 0 0 1 1
160 long 599 l 160 1 1 1 1 1
161 short 624 l 161 0 0 0 1 1
162 long 550 l 162 1 0 0 1 1
163 long 678 l 163 1 0 0 1 0
164 long 805 a 164 0 0 1 1 0
165 short 358 l 165 0 0 1 1 1
166 short 592 l 166 0 0 1 2 1
167 short 501 a 167 1 0 0 3 1
168 long 387 l 168 1 1 1 2 1
169 long 11399 a 169 0 0 1 2 1
170 short 551 l 170 0 0 0 2 2
171 short 373 a 171 1 0 0 2 2
172 long 1863 a 172 0 0 0 1 2
173 long 3685 l 173 1 1 1 1 2
174 long 597 l 174 1 1 1 1 2
175 short 381 l 175 0 0 0 1 2
176 short 333 l 176 0 0 0 1 2
177 short 385 a 177 1 0 0 1 2
178 long 332 l 178 1 1 1 0 2
179 long 4088 a 179 0 0 0 0 2
180 long 295 a 180 0 0 1 0 2
181 short 379 l 181 0 0 0 0 3
182 short 577 a 182 1 0 0 0 3
183 long 488 a 183 0 0 1 0 3
184 short 453 l 184 0 0 0 0 4
185 long 721 a 185 0 0 0 0 4
186 short 236 l 186 0 0 1 0 4
187 long 163 l 187 1 0 0 1 4
188 long 332 l 188 1 0 0 1 3
189 short 226 a 189 1 0 0 1 2
190 long 157 l 190 1 1 1 0 2
191 short 384 a 191 1 0 0 0 2
192 long 3923 l 192 1 0 0 0 2
193 short 101 a 193 1 1 1 0 1
194 short 531 l 194 0 0 0 0 1
195 long 4845 a 195 0 0 1 0 1
196 short 674 a 196 1 0 0 0 2
197 long 270 a 197 0 0 0 0 2
198 long 496 a 198 0 0 0 0 2
199 short 604 a 199 1 0 0 0 2
200 short 786 a 200 1 0 0 0 2
201 long 853 l 201 1 1 1 0 2
202 short 557 a 202 1 1 1 0 2
203 short 698 a 203 1 0 0 0 2
204 long 601 l 204 1 0 0 0 2
205 short 440 a 205 1 0 0 0 1
206 short 465 l 206 0 0 0 0 1
207 short 593 a 207 1 0 0 0 1
208 long 838 a 208 0 0 1 0 1
209 short 583 a 209 1 0 0 0 2
210 short 1233 l 210 0 0 0 0 2
211 long 558 l 211 1 1 1 0 2
212 short 509 l 212 0 0 0 0 2
213 long 414 a 213 0 0 1 0 2
214 long 668 a 214 0 0 1 0 3
215 long 765 l 215 1 1 1 0 4
216 short 910 a 216 1 0 0 0 4
217 short 963 l 217 0 0 0 0 4
218 long 412 l 218 1 1 1 0 4
219 short 461 l 219 0 0 1 0 4
220 short 437 a 220 1 0 0 1 4
221 long 549 a 221 0 0 1 0 4
222 long 476 a 222 0 0 0 0 5
223 short 3959 a 223 1 0 0 0 5
224 long 442 a 224 0 0 1 0 5
225 long 565 l 225 1 1 1 0 6
226 short 605 l 226 0 0 0 0 6
227 short 540 l 227 0 0 0 0 6
228 long 583 l 228 1 1 1 0 6
229 long 661 l 229 1 0 0 0 6
230 short 621 a 230 1 0 0 0 5
231 long 781 a 231 0 0 1 0 5
232 short 1000 a 232 1 0 0 0 6
233 long 1060 l 233 1 1 1 0 6
234 short 1181 l 234 0 0 0 0 6
235 short 1172 a 235 1 1 1 0 6
236 long 591 l 236 1 1 1 0 6
237 long 630 l 237 1 1 1 0 6
238 short 654 a 238 1 0 0 0 6
239 short 1242 a 239 1 0 0 0 6
240 long 1464 l 240 1 1 1 0 6
241 short 1439 a 241 1 0 0 0 6
242 long 943 l 242 1 1 1 0 6
243 short 2418 a 243 1 0 0 0 6
244 short 834 a 244 1 0 0 0 6
245 long 946 l 245 1 1 1 0 6
246 long 651 a 246 0 0 1 0 6
247 long 916 l 247 1 1 1 0 7
248 short 841 a 248 1 0 0 0 7
249 short 740 a 249 1 1 1 0 7
250 long 516 l 250 1 0 0 0 7
251 short 621 a 251 1 0 0 0 6
252 short 545 a 252 1 0 0 0 6
253 long 967 a 253 0 0 1 0 6
254 short 594 a 254 1 0 0 0 7
255 short 456 a 255 1 0 0 0 7
256 long 438 l 256 1 1 1 0 7
257 short 603 l 257 0 0 0 0 7
258 long 393 l 258 1 0 0 0 7
259 short 503 a 259 1 1 1 0 6
260 long 546 a 260 0 0 0 0 6
261 long 374 l 261 1 1 1 0 6
262 long 524 a 262 0 0 0 0 6
263 short 570 a 263 1 0 0 0 6
264 long 843 l 264 1 1 1 0 6
265 short 968 a 265 1 0 0 0 6
266 short 1055 a 266 1 0 0 0 6
267 short 673 a 267 1 1 1 0 6
268 long 596 l 268 1 1 1 0 6
269 long 728 a 269 0 0 0 0 6
270 long 496 l 270 1 1 1 0 6
271 short 690 a 271 1 0 0 0 6
272 short 631 l 272 0 0 0 0 6
273 short 122 l 273 0 0 0 0 6
274 long 530 l 274 1 1 1 0 6
275 short 1099 a 275 1 0 0 0 6
276 short 813 a 276 1 0 0 0 6
277 long 656 l 277 1 1 1 0 6
278 long 546 l 278 1 0 0 0 6
279 long 584 l 279 1 1 1 0 5
280 short 608 a 280 1 0 0 0 5
281 long 521 l 281 1 1 1 0 5
282 long 460 l 282 1 0 0 0 5
283 long 432 a 283 0 0 0 0 4
284 short 726 a 284 1 0 0 0 4
285 long 588 l 285 1 0 0 0 4
286 long 581 l 286 1 0 0 0 3
287 short 532 a 287 1 0 0 0 2
288 short 892 a 288 1 1 1 0 2
289 short 781 a 289 1 0 0 0 2
290 long 536 l 290 1 1 1 0 2
291 long 550 l 291 1 0 0 0 2
292 long 616 a 292 0 0 0 0 1
293 short 569 a 293 1 0 0 0 1
294 short 584 a 294 1 0 0 0 1
295 short 1226 a 295 1 1 1 0 1
296 long 496 l 296 1 1 1 0 1
297 long 604 a 297 0 0 0 0 1
298 long 523 l 298 1 0 0 0 1
299 short 406 l 299 0 0 0 0 0
300 long 478 l 300 1 0 0 0 0
