*****************************************************************************
03/16/2021 06:10:08 PM
Subject: CDA15
Session: 1
Short Key: l
Long Key: s
Bias: short
-
-
-
-
-
-
-
-
-
-
1 long 476 s 1 1 0 0 0 0
2 short 466 l 2 1 1 1 0 0
3 long 449 s 3 1 0 0 0 0
4 short 382 l 4 1 1 1 0 0
5 long 435 s 5 1 0 0 0 0
6 long 323 s 6 1 0 0 0 0
7 long 315 l 7 0 0 0 0 0
8 short 320 l 8 1 1 1 0 0
9 long 316 s 9 1 0 0 0 0
10 long 213 s 10 1 1 1 0 0
11 short 287 s 11 0 0 1 0 0
12 long 328 s 12 1 0 0 1 0
13 short 328 l 13 1 1 1 1 0
14 long 380 l 14 0 0 1 1 0
15 short 351 l 15 1 0 0 1 1
16 short 279 s 16 0 0 1 0 1
17 long 258 s 17 1 0 0 1 1
18 long 413 s 18 1 0 0 1 0
19 long 242 l 19 0 0 1 1 0
20 short 373 l 20 1 1 1 1 1
21 short 395 s 21 0 0 0 1 1
22 long 297 s 22 1 0 0 1 1
23 short 340 s 23 0 0 1 1 0
24 long 283 l 24 0 0 1 2 0
25 short 313 s 25 0 0 0 2 1
26 short 385 s 26 0 0 1 2 1
27 short 514 l 27 1 1 1 3 1
28 long 488 l 28 0 0 0 3 1
29 short 297 l 29 1 0 0 3 1
30 long 278 l 30 0 0 0 2 1
31 long 325 s 31 1 0 0 2 1
32 long 365 s 32 1 0 0 2 0
33 short 412 s 33 0 0 0 2 0
34 short 430 l 34 1 1 1 2 0
35 long 512 s 35 1 0 0 2 0
36 long 328 l 36 0 0 1 2 0
37 short 324 l 37 1 1 1 2 1
38 short 374 s 38 0 0 0 2 1
39 short 379 s 39 0 0 0 2 1
40 long 272 s 40 1 0 0 2 1
41 long 357 s 41 1 1 1 2 0
42 long 464 s 42 1 0 0 2 0
43 short 513 l 43 1 0 0 2 0
44 short 397 l 44 1 1 1 1 0
45 short 508 s 45 0 0 1 1 0
46 long 234 s 46 1 0 0 2 0
47 short 278 l 47 1 1 1 2 0
48 short 562 l 48 1 0 0 2 0
49 long 262 s 49 1 0 0 1 0
50 short 333 l 50 1 1 1 1 0
51 short 476 l 51 1 0 0 1 0
52 long 222 s 52 1 0 0 0 0
53 short 352 s 53 0 0 1 0 0
54 long 397 l 54 0 0 0 1 0
55 short 352 s 55 0 0 1 1 0
56 long 333 s 56 1 0 0 2 0
57 long 373 s 57 1 0 0 2 0
58 long 355 s 58 1 0 0 2 0
59 short 324 s 59 0 0 1 2 0
60 long 286 s 60 1 0 0 3 0
61 long 275 l 61 0 0 0 3 0
62 long 308 l 62 0 0 0 3 0
63 short 463 l 63 1 0 0 3 0
64 long 340 s 64 1 0 0 2 0
65 short 341 s 65 0 0 1 2 0
66 short 292 s 66 0 0 1 3 0
67 short 362 l 67 1 1 1 4 0
68 long 546 l 68 0 0 0 4 0
69 short 215 s 69 0 0 0 4 0
70 short 330 s 70 0 0 0 4 0
71 long 379 s 71 1 0 0 4 0
72 short 378 l 72 1 1 1 4 0
73 long 435 l 73 0 0 1 4 0
74 short 427 l 74 1 0 0 4 1
75 short 302 s 75 0 0 1 3 1
76 long 367 s 76 1 0 0 4 1
77 short 215 l 77 1 1 1 4 0
78 short 357 l 78 1 1 1 4 0
79 long 234 l 79 0 0 0 4 0
80 short 421 s 80 0 0 1 4 0
81 long 246 s 81 1 0 0 5 0
82 short 414 l 82 1 1 1 5 0
83 short 351 l 83 1 1 1 5 0
84 short 239 s 84 0 0 1 5 0
85 long 328 l 85 0 0 0 6 0
86 short 374 l 86 1 0 0 6 0
87 long 340 s 87 1 0 0 5 0
88 long 365 l 88 0 0 1 5 0
89 long 337 s 89 1 0 0 5 1
90 short 362 s 90 0 0 1 5 0
91 long 238 l 91 0 0 0 6 0
92 long 437 s 92 1 0 0 6 0
93 long 359 s 93 1 0 0 6 0
94 short 366 l 94 1 0 0 6 0
95 long 305 l 95 0 0 0 5 0
96 short 386 l 96 1 1 1 5 0
97 long 435 l 97 0 0 0 5 0
98 short 77 s 98 0 0 0 5 0
99 long 275 s 99 1 0 0 5 0
100 short 263 s 100 0 0 0 5 0
101 short 1338 l 101 1 1 1 5 0
102 long 581 l 102 0 0 0 5 0
103 long 383 s 103 1 0 0 5 0
104 long 377 s 104 1 0 0 5 0
105 short 356 l 105 1 1 1 5 0
106 short 661 s 106 0 0 1 5 0
107 long 298 s 107 1 0 0 6 0
108 long 381 s 108 1 1 1 6 0
109 long 406 s 109 1 0 0 6 0
110 short 338 l 110 1 0 0 6 0
111 short 256 l 111 1 0 0 5 0
112 short 408 s 112 0 0 0 4 0
113 long 314 s 113 1 0 0 4 0
114 short 244 l 114 1 1 1 4 0
115 short 559 l 115 1 1 1 4 0
116 short 282 s 116 0 0 1 4 0
117 long 200 s 117 1 0 0 5 0
118 short 304 l 118 1 1 1 5 0
119 long 375 s 119 1 0 0 5 0
120 long 256 s 120 1 1 1 5 0
121 long 306 l 121 0 0 0 5 0
122 short 471 l 122 1 1 1 5 0
123 long 317 s 123 1 0 0 5 0
124 long 279 s 124 1 0 0 5 0
125 short 352 l 125 1 0 0 5 0
126 short 213 s 126 0 0 1 4 0
127 short 304 s 127 0 0 1 5 0
128 long 306 s 128 1 0 0 6 0
129 short 250 l 129 1 1 1 6 0
130 long 283 s 130 1 0 0 6 0
131 short 212 l 131 1 0 0 6 0
132 long 159 s 132 1 0 0 5 0
133 short 239 s 133 0 0 1 5 0
134 long 242 l 134 0 0 1 6 0
135 short 193 s 135 0 0 0 6 1
136 long 299 s 136 1 0 0 6 1
137 long 216 l 137 0 0 0 6 0
138 short 231 s 138 0 0 1 6 0
139 long 368 l 139 0 0 0 7 0
140 short 165 s 140 0 0 1 7 0
141 long 86 s 141 1 0 0 8 0
142 short 178 s 142 0 0 1 8 0
143 long 206 l 143 0 0 0 9 0
144 long 321 s 144 1 0 0 9 0
145 short 246 s 145 0 0 1 9 0
146 short 339 l 146 1 1 1 10 0
147 long 296 l 147 0 0 0 10 0
148 short 142 l 148 1 0 0 10 0
149 short 321 s 149 0 0 1 9 0
150 short 136 s 150 0 0 0 10 0
151 long 51 l 151 0 0 0 10 0
152 long 113 l 152 0 0 1 10 0
153 long 215 l 153 0 0 0 10 1
154 short 196 s 154 0 0 1 10 1
155 long 193 s 155 1 0 0 11 1
156 short 214 l 156 1 1 1 11 0
157 short 334 l 157 1 1 1 11 0
158 long 397 l 158 0 0 0 11 0
159 long 217 l 159 0 0 0 11 0
160 short 338 l 160 1 1 1 11 0
161 long 352 s 161 1 0 0 11 0
162 short 243 s 162 0 0 0 11 0
163 short 332 s 163 0 0 0 11 0
164 short 319 s 164 0 0 1 11 0
165 long 237 l 165 0 0 1 12 0
166 long 306 s 166 1 1 1 12 1
167 long 348 l 167 0 0 0 12 1
168 short 402 s 168 0 0 1 12 1
169 short 332 s 169 0 0 1 13 1
170 long 156 l 170 0 0 0 14 1
171 long 103 s 171 1 0 0 14 1
172 short 212 s 172 0 0 0 14 0
173 short 229 l 173 1 1 1 14 0
174 short 348 s 174 0 0 1 14 0
175 long 219 l 175 0 0 0 15 0
176 long 404 l 176 0 0 0 15 0
177 long 292 l 177 0 0 0 15 0
178 short 238 l 178 1 1 1 15 0
179 short 331 l 179 1 0 0 15 0
180 short 212 s 180 0 0 1 14 0
181 long 248 s 181 1 0 0 15 0
182 long 289 s 182 1 0 0 15 0
183 short 262 l 183 1 1 1 15 0
184 long 420 l 184 0 0 0 15 0
185 short 255 s 185 0 0 0 15 0
186 long 274 l 186 0 0 1 15 0
187 short 247 s 187 0 0 0 15 1
188 short 220 l 188 1 0 0 15 1
189 long 403 l 189 0 0 0 14 1
190 short 255 s 190 0 0 1 14 1
191 long 180 s 191 1 0 0 15 1
192 short 25 l 192 1 0 0 15 0
193 long 275 l 193 0 0 1 14 0
194 long 353 l 194 0 0 0 14 1
195 short 291 s 195 0 0 1 14 1
196 long 2833 l 196 0 0 0 15 1
197 short 74 s 197 0 0 0 15 1
198 short 267 l 198 1 0 0 15 1
199 long 326 l 199 0 0 0 14 1
200 long 229 s 200 1 0 0 14 1
201 short NA NA 201 0 0 1 14 0
202 long 323 s 202 1 1 1 15 0
203 long 407 s 203 1 0 0 15 0
204 short 284 l 204 1 0 0 15 0
205 long 378 l 205 0 0 0 14 0
206 long 293 s 206 1 0 0 14 0
207 long 293 s 207 1 0 0 14 0
208 short 379 s 208 0 0 1 14 0
209 long 362 s 209 1 0 0 15 0
210 long 247 l 210 0 0 0 15 0
211 short 238 l 211 1 1 1 15 0
212 long 265 l 212 0 0 0 15 0
213 short 225 l 213 1 1 1 15 0
214 short 412 s 214 0 0 1 15 0
215 short 227 s 215 0 0 1 16 0
216 long 360 s 216 1 0 0 17 0
217 long 276 l 217 0 0 0 17 0
218 short 25 s 218 0 0 1 17 0
219 long 220 s 219 1 1 1 18 0
220 long 287 l 220 0 0 0 18 0
221 short 238 s 221 0 0 1 18 0
222 short 337 s 222 0 0 0 19 0
223 long 223 l 223 0 0 0 19 0
224 short 210 s 224 0 0 1 19 0
225 short 221 s 225 0 0 1 20 0
226 long 432 s 226 1 0 0 21 0
227 long 234 l 227 0 0 0 21 0
228 short 104 l 228 1 1 1 21 0
229 short 381 s 229 0 0 0 21 0
230 long 190 l 230 0 0 0 21 0
231 short 201 s 231 0 0 1 21 0
232 long 156 s 232 1 0 0 22 0
233 short 227 l 233 1 1 1 22 0
234 long 247 l 234 0 0 0 22 0
235 long 218 s 235 1 1 1 22 0
236 short 463 s 236 0 0 1 22 0
237 short 139 s 237 0 0 1 23 0
238 long 257 l 238 0 0 0 24 0
239 long 344 s 239 1 0 0 24 0
240 short 381 l 240 1 1 1 24 0
241 long 307 l 241 0 0 0 24 0
242 short 211 s 242 0 0 1 24 0
243 long 263 s 243 1 0 0 25 0
244 long 351 l 244 0 0 0 25 0
245 short 288 s 245 0 0 1 25 0
246 short 236 s 246 0 0 1 26 0
247 short 205 s 247 0 0 1 27 0
248 long 227 l 248 0 0 0 28 0
249 long 223 l 249 0 0 1 28 0
250 short 219 l 250 1 0 0 28 1
251 long 208 s 251 1 0 0 27 1
252 long 153 s 252 1 0 0 27 0
253 short 185 l 253 1 1 1 27 0
254 long 264 s 254 1 0 0 27 0
255 long 115 l 255 0 0 0 27 0
256 short 261 s 256 0 0 1 27 0
257 long 50 s 257 1 0 0 28 0
258 short 353 l 258 1 0 0 28 0
259 long 286 l 259 0 0 1 27 0
260 short 377 s 260 0 0 0 27 1
261 short 398 l 261 1 1 1 27 1
262 short 274 l 262 1 0 0 27 1
263 long 53 s 263 1 0 0 26 1
264 short 199 s 264 0 0 1 26 0
265 long 240 l 265 0 0 0 27 0
266 long 211 s 266 1 0 0 27 0
267 long 696 s 267 1 1 1 27 0
268 short 341 s 268 0 0 1 27 0
269 short 215 l 269 1 0 0 28 0
270 short 269 s 270 0 0 1 27 0
271 long 229 s 271 1 0 0 28 0
272 long 229 l 272 0 0 0 28 0
273 long 197 s 273 1 0 0 28 0
274 short 378 s 274 0 0 1 28 0
275 long 212 s 275 1 0 0 29 0
276 long 161 l 276 0 0 0 29 0
277 short 224 l 277 1 1 1 29 0
278 short 276 l 278 1 0 0 29 0
279 short 225 s 279 0 0 1 28 0
280 long 109 s 280 1 0 0 29 0
281 short 251 l 281 1 1 1 29 0
282 short 338 s 282 0 0 0 29 0
283 short 56 l 283 1 0 0 29 0
284 long 37 l 284 0 0 0 28 0
285 short 274 s 285 0 0 0 28 0
286 short 356 s 286 0 0 0 28 0
287 long 343 l 287 0 0 0 28 0
288 long 225 l 288 0 0 1 28 0
289 long 214 s 289 1 0 0 28 1
290 short 120 l 290 1 1 1 28 0
291 short 275 l 291 1 0 0 28 0
292 short 381 l 292 1 0 0 27 0
293 long 240 l 293 0 0 0 26 0
294 long 193 s 294 1 0 0 26 0
295 long 207 s 295 1 1 1 26 0
296 short 264 s 296 0 0 1 26 0
297 short 274 l 297 1 0 0 27 0
298 short 251 l 298 1 0 0 26 0
299 long 250 s 299 1 0 0 25 0
300 short 178 s 300 0 0 0 25 0
