*****************************************************************************
12/15/2020 06:38:47 PM
Subject: 4
Session: 1
Short Key: a
Long Key: l
Bias: long
-
-
-
-
-
-
-
-
-
-
1 short 1018 l 1 0 0 0 0 0
2 long 1039 l 2 1 1 1 0 0
3 short 595 a 3 1 0 0 0 0
4 long 521 l 4 1 1 1 0 0
5 short 829 a 5 1 0 0 0 0
6 short 670 a 6 1 0 0 0 0
7 short 440 l 7 0 0 0 0 0
8 long 477 l 8 1 1 1 0 0
9 short 615 a 9 1 0 0 0 0
10 short 441 l 10 0 0 1 0 0
11 long 674 l 11 1 1 1 1 0
12 short 650 a 12 1 0 0 1 0
13 long 3207 a 13 0 0 1 0 0
14 short 22245 a 14 1 1 1 0 1
15 long 5896 a 15 0 0 0 0 1
16 long 903 a 16 0 0 1 0 1
17 short 4416 a 17 1 0 0 0 2
18 short 107645 a 18 1 0 0 0 2
19 short 2974 a 19 1 1 1 0 2
20 long 7994 a 20 0 0 1 0 2
21 long 490 a 21 0 0 0 0 3
22 short 460 a 22 1 0 0 0 3
23 long 2986 a 23 0 0 1 0 3
24 short 473 a 24 1 1 1 0 4
25 long 474 a 25 0 0 0 0 4
26 long 5487 a 26 0 0 1 0 4
27 long 490 a 27 0 0 1 0 5
28 short 472 a 28 1 0 0 0 6
29 long 10494 a 29 0 0 0 0 6
30 short 475 a 30 1 0 0 0 6
31 short 498 a 31 1 0 0 0 6
32 short 2968 a 32 1 0 0 0 6
33 long 476 a 33 0 0 0 0 6
34 long 2986 a 34 0 0 1 0 6
35 short 7967 a 35 1 0 0 0 7
36 short 2982 a 36 1 1 1 0 7
37 long 455 a 37 0 0 1 0 7
38 long 485 a 38 0 0 0 0 8
39 long 5475 a 39 0 0 0 0 8
40 short 5474 a 40 1 0 0 0 8
41 short 2966 a 41 1 1 1 0 8
42 short 2988 a 42 1 0 0 0 8
43 long 482 a 43 0 0 0 0 8
44 long 474 a 44 0 0 1 0 8
45 long 7978 a 45 0 0 1 0 9
46 short 474 a 46 1 0 0 0 10
47 long 484 a 47 0 0 1 0 10
48 long 2991 a 48 0 0 0 0 11
49 short 471 a 49 1 0 0 0 11
50 long 2975 a 50 0 0 1 0 11
51 long 7986 a 51 0 0 0 0 12
52 short 468 a 52 1 0 0 0 12
53 long 482 a 53 0 0 1 0 12
54 short 2989 a 54 1 0 0 0 13
55 long 12973 a 55 0 0 1 0 13
56 short 2984 a 56 1 0 0 0 14
57 short 474 a 57 1 0 0 0 14
58 short 12972 a 58 1 0 0 0 14
59 long 486 a 59 0 0 1 0 14
60 short 476 a 60 1 0 0 0 15
61 short 2978 a 61 1 0 0 0 15
62 short 469 a 62 1 0 0 0 15
63 long 496 a 63 0 0 0 0 15
64 short 467 a 64 1 0 0 0 15
65 long 10481 a 65 0 0 1 0 15
66 long 470 a 66 0 0 1 0 16
67 long 472 a 67 0 0 1 0 17
68 short 5492 a 68 1 0 0 0 18
69 long 5481 a 69 0 0 0 0 18
70 long 2975 a 70 0 0 0 0 18
71 short 483 a 71 1 0 0 0 18
72 long 5487 a 72 0 0 1 0 18
73 short 458 a 73 1 1 1 0 19
74 long 2971 a 74 0 0 0 0 19
75 long 7975 a 75 0 0 1 0 19
76 short 2976 a 76 1 0 0 0 20
77 long 2979 a 77 0 0 1 0 20
78 long 484 a 78 0 0 1 0 21
79 short 2984 a 79 1 0 0 0 22
80 long 5465 a 80 0 0 1 0 22
81 short 7978 a 81 1 0 0 0 23
82 long 15476 a 82 0 0 1 0 23
83 long 470 a 83 0 0 1 0 24
84 long 10471 a 84 0 0 1 0 25
85 short 2994 a 85 1 0 0 0 26
86 long 2977 a 86 0 0 0 0 26
87 short 2983 a 87 1 0 0 0 26
88 short 5469 a 88 1 1 1 0 26
89 short 2985 a 89 1 0 0 0 26
90 long 472 a 90 0 0 1 0 26
91 short 467 a 91 1 0 0 0 27
92 short 2982 a 92 1 0 0 0 27
93 short 2961 a 93 1 0 0 0 27
94 long 5457 a 94 0 0 0 0 27
95 short 10490 a 95 1 0 0 0 27
96 long 7978 a 96 0 0 1 0 27
97 short 5490 a 97 1 0 0 0 28
98 long 470 a 98 0 0 0 0 28
99 short 471 a 99 1 0 0 0 28
100 long 7991 a 100 0 0 0 0 28
101 long 442 a 101 0 0 1 0 28
102 short 2995 a 102 1 0 0 0 29
103 short 471 a 103 1 0 0 0 29
104 short 10479 a 104 1 0 0 0 29
105 long 2973 a 105 0 0 1 0 29
106 long 5476 a 106 0 0 1 0 30
107 short 464 a 107 1 0 0 0 31
108 short 10472 a 108 1 1 1 0 31
109 short 2992 a 109 1 0 0 0 31
110 long 2965 a 110 0 0 0 0 31
111 long 470 a 111 0 0 0 0 31
112 long 5481 a 112 0 0 0 0 31
113 short 473 a 113 1 0 0 0 31
114 long 5466 a 114 0 0 1 0 31
115 long 464 a 115 0 0 1 0 32
116 long 5478 a 116 0 0 1 0 33
117 short 485 a 117 1 0 0 0 34
118 long 5461 a 118 0 0 1 0 34
119 short 457 a 119 1 0 0 0 35
120 short 473 a 120 1 1 1 0 35
121 short 12986 a 121 1 0 0 0 35
122 long 456 a 122 0 0 1 0 35
123 short 2988 a 123 1 0 0 0 36
124 short 469 a 124 1 0 0 0 36
125 long 2982 a 125 0 0 0 0 36
126 long 2979 a 126 0 0 1 0 36
127 long 2973 a 127 0 0 1 0 37
128 short 2985 a 128 1 0 0 0 38
129 long 2968 a 129 0 0 1 0 38
130 short 5478 a 130 1 0 0 0 39
131 long 455 a 131 0 0 0 0 39
132 short 5471 a 132 1 0 0 0 39
133 long 483 a 133 0 0 1 0 39
134 short 474 a 134 1 1 1 0 40
135 long 5492 a 135 0 0 0 0 40
136 short 467 a 136 1 0 0 0 40
137 short 458 a 137 1 0 0 0 40
138 long 10491 a 138 0 0 1 0 40
139 short 5473 a 139 1 0 0 0 41
140 long 2968 a 140 0 0 1 0 41
141 short 489 a 141 1 0 0 0 42
142 long 7971 a 142 0 0 1 0 42
143 short 2 a 143 1 0 0 0 43
144 short 7504 a 144 1 0 0 0 43
145 long 3391 a 145 0 0 1 0 43
146 long 2048 a 146 0 0 1 0 44
147 short 11414 a 147 1 0 0 0 45
148 long 1700 a 148 0 0 0 0 45
149 long 14249 a 149 0 0 1 0 45
150 long 7960 a 150 0 0 0 0 46
151 short 5467 a 151 1 0 0 0 46
152 short 1916 a 152 1 1 1 0 46
153 short 787798 l 153 0 0 0 0 46
154 long 2589 l 154 1 1 1 0 46
155 short 2 a 155 1 0 0 0 46
156 long 302 l 156 1 1 1 0 46
157 long 2078 a 157 0 0 1 0 46
158 short 1367 l 158 0 0 0 0 47
159 short 1126 a 159 1 0 0 0 47
160 long 2322 l 160 1 1 1 0 47
161 short 865 l 161 0 0 0 0 47
162 long 95 l 162 1 0 0 0 47
163 long 2209 a 163 0 0 0 0 46
164 long 2142 l 164 1 1 1 0 46
165 short 162 a 165 1 1 1 0 46
166 short 1691 a 166 1 1 1 0 46
167 short 1851 l 167 0 0 0 0 46
168 long 1305 a 168 0 0 1 0 46
169 long 5847 l 169 1 1 1 0 47
170 short 1041 a 170 1 0 0 0 47
171 short 861 l 171 0 0 0 0 47
172 long 91 a 172 0 0 0 0 47
173 long 4683 l 173 1 1 1 0 47
174 long 1278 a 174 0 0 1 0 47
175 short 894 l 175 0 0 0 0 48
176 short 45 a 176 1 0 0 0 48
177 short 869 a 177 1 0 0 0 48
178 long 109 a 178 0 0 1 0 48
179 long 11119 a 179 0 0 0 0 49
180 long 3507 a 180 0 0 1 0 49
181 short 1288 a 181 1 0 0 0 50
182 short 903 a 182 1 0 0 0 50
183 long 1033 l 183 1 1 1 0 50
184 short 2145 l 184 0 0 0 0 50
185 long 229 a 185 0 0 0 0 50
186 short 12 a 186 1 1 1 0 50
187 long 1837 a 187 0 0 0 0 50
188 long 2227 a 188 0 0 0 0 50
189 short 867 a 189 1 0 0 0 50
190 long 174 a 190 0 0 1 0 50
191 short 4311 a 191 1 0 0 0 51
192 long 282 a 192 0 0 0 0 51
193 short 2371 l 193 0 0 1 0 51
194 short 459 l 194 0 0 0 1 51
195 long 488 l 195 1 1 1 1 51
196 short 478 l 196 0 0 0 1 51
197 long 468 a 197 0 0 0 1 51
198 long 471 l 198 1 0 0 1 51
199 short 472 a 199 1 0 0 1 50
200 short 462 a 200 1 0 0 0 50
201 long 472 l 201 1 1 1 0 50
202 short 457 a 202 1 1 1 0 50
203 short 498 l 203 0 0 0 0 50
204 long 475 l 204 1 0 0 0 50
205 short 465 a 205 1 0 0 0 49
206 short 497 l 206 0 0 0 0 49
207 short 469 a 207 1 0 0 0 49
208 long 474 l 208 1 1 1 0 49
209 short 476 l 209 0 0 0 0 49
210 short 462 a 210 1 0 0 0 49
211 long 491 l 211 1 1 1 0 49
212 short 476 a 212 1 0 0 0 49
213 long 471 a 213 0 0 1 0 49
214 long 473 a 214 0 0 1 0 50
215 long 490 a 215 0 0 1 0 51
216 short 464 a 216 1 0 0 0 52
217 short 483 a 217 1 0 0 0 52
218 long 490 a 218 0 0 1 0 52
219 short 484 a 219 1 1 1 0 53
220 short 478 a 220 1 0 0 0 53
221 long 468 a 221 0 0 1 0 53
222 long 490 a 222 0 0 0 0 54
223 short 481 l 223 0 0 0 0 54
224 long 475 a 224 0 0 1 0 54
225 long 482 l 225 1 1 1 0 55
226 short 473 l 226 0 0 0 0 55
227 short 471 a 227 1 0 0 0 55
228 long 470 a 228 0 0 1 0 55
229 long 471 a 229 0 0 0 0 56
230 short 487 l 230 0 0 0 0 56
231 long 503 a 231 0 0 1 0 56
232 short 489 a 232 1 0 0 0 57
233 long 461 l 233 1 1 1 0 57
234 short 474 l 234 0 0 0 0 57
235 short 471 l 235 0 0 1 0 57
236 long 488 l 236 1 1 1 1 57
237 long 475 l 237 1 1 1 1 57
238 short 476 a 238 1 0 0 1 57
239 short 487 l 239 0 0 0 0 57
240 long 474 l 240 1 1 1 0 57
241 short 484 a 241 1 0 0 0 57
242 long 475 l 242 1 1 1 0 57
243 short 483 a 243 1 0 0 0 57
244 short 475 a 244 1 0 0 0 57
245 long 472 a 245 0 0 1 0 57
246 long 475 l 246 1 1 1 0 58
247 long 482 a 247 0 0 1 0 58
248 short 473 l 248 0 0 0 0 59
249 short 474 a 249 1 1 1 0 59
250 long 468 a 250 0 0 0 0 59
251 short 501 a 251 1 0 0 0 59
252 short 459 a 252 1 0 0 0 59
253 long 457 a 253 0 0 1 0 59
254 short 489 l 254 0 0 0 0 60
255 short 465 l 255 0 0 0 0 60
256 long 486 a 256 0 0 1 0 60
257 short 466 l 257 0 0 0 0 61
258 long 479 l 258 1 0 0 0 61
259 short 477 a 259 1 1 1 0 60
260 long 466 a 260 0 0 0 0 60
261 long 487 l 261 1 1 1 0 60
262 long 485 l 262 1 0 0 0 60
263 short 474 l 263 0 0 0 0 59
264 long 477 l 264 1 1 1 0 59
265 short 460 a 265 1 0 0 0 59
266 short 505 a 266 1 0 0 0 59
267 short 466 a 267 1 1 1 0 59
268 long 472 a 268 0 0 1 0 59
269 long 466 a 269 0 0 0 0 60
270 long 477 a 270 0 0 1 0 60
271 short 479 l 271 0 0 0 0 61
272 short 459 a 272 1 0 0 0 61
273 short 489 a 273 1 0 0 0 61
274 long 469 l 274 1 1 1 0 61
275 short 473 l 275 0 0 0 0 61
276 short 474 a 276 1 0 0 0 61
277 long 474 a 277 0 0 1 0 61
278 long 471 l 278 1 0 0 0 62
279 long 467 a 279 0 0 1 0 61
280 short 473 a 280 1 0 0 0 62
281 long 475 l 281 1 1 1 0 62
282 long 487 a 282 0 0 0 0 62
283 long 473 a 283 0 0 0 0 62
284 short 475 l 284 0 0 0 0 62
285 long 486 l 285 1 0 0 0 62
286 long 469 a 286 0 0 0 0 61
287 short 471 a 287 1 0 0 0 61
288 short 483 l 288 0 0 1 0 61
289 short 484 a 289 1 0 0 1 61
290 long 465 a 290 0 0 1 0 61
291 long 484 l 291 1 0 0 0 62
292 long 455 a 292 0 0 0 0 61
293 short 487 l 293 0 0 0 0 61
294 short 470 l 294 0 0 0 0 61
295 short 482 a 295 1 1 1 0 61
296 long 489 a 296 0 0 1 0 61
297 long 471 l 297 1 0 0 0 62
298 long 463 l 298 1 0 0 0 61
299 short 491 l 299 0 0 0 0 60
300 long 472 a 300 0 0 0 0 60
