*****************************************************************************
03/16/2021 07:09:39 PM
Subject: CDA21
Session: 1
Short Key: l
Long Key: s
Bias: short
-
-
-
-
-
-
-
-
-
-
1 long 1061 s 1 1 0 0 0 0
2 short 901 l 2 1 1 1 0 0
3 long 851 s 3 1 0 0 0 0
4 short 608 l 4 1 1 1 0 0
5 long 947 l 5 0 0 0 0 0
6 long 978 s 6 1 0 0 0 0
7 long 660 s 7 1 0 0 0 0
8 short 795 l 8 1 1 1 0 0
9 long 785 l 9 0 0 0 0 0
10 long 987 s 10 1 1 1 0 0
11 short 760 l 11 1 1 1 0 0
12 long 936 s 12 1 0 0 0 0
13 short 723 l 13 1 1 1 0 0
14 long 776 s 14 1 1 1 0 0
15 short 623 l 15 1 0 0 0 0
16 short 809 s 16 0 0 1 0 0
17 long 642 s 17 1 0 0 1 0
18 long 1280 s 18 1 0 0 1 0
19 long 820 s 19 1 1 1 1 0
20 short 714 l 20 1 1 1 1 0
21 short 658 l 21 1 0 0 1 0
22 long 1050 s 22 1 0 0 0 0
23 short 858 l 23 1 1 1 0 0
24 long 730 s 24 1 1 1 0 0
25 short 717 l 25 1 0 0 0 0
26 short 1105 s 26 0 0 1 0 0
27 short 779 l 27 1 1 1 1 0
28 long 1002 l 28 0 0 0 1 0
29 short 763 l 29 1 0 0 1 0
30 long 1077 s 30 1 0 0 0 0
31 long 664 s 31 1 0 0 0 0
32 long 605 s 32 1 0 0 0 0
33 short 918 l 33 1 0 0 0 0
34 short 685 l 34 1 1 1 0 0
35 long 832 s 35 1 0 0 0 0
36 long 1134 s 36 1 1 1 0 0
37 short 954 l 37 1 1 1 0 0
38 short 797 l 38 1 0 0 0 0
39 short 607 l 39 1 0 0 0 0
40 long 782 s 40 1 0 0 0 0
41 long 715 s 41 1 1 1 0 0
42 long 652 s 42 1 0 0 0 0
43 short 703 l 43 1 0 0 0 0
44 short 661 l 44 1 1 1 0 0
45 short 667 l 45 1 1 1 0 0
46 long 682 s 46 1 0 0 0 0
47 short 611 l 47 1 1 1 0 0
48 short 738 l 48 1 0 0 0 0
49 long 1054 s 49 1 0 0 0 0
50 short 705 l 50 1 1 1 0 0
51 short 742 l 51 1 0 0 0 0
52 long 601 s 52 1 0 0 0 0
53 short 623 l 53 1 1 1 0 0
54 long 579 s 54 1 0 0 0 0
55 short 559 l 55 1 1 1 0 0
56 long 799 s 56 1 0 0 0 0
57 long 607 s 57 1 0 0 0 0
58 long 873 s 58 1 0 0 0 0
59 short 560 l 59 1 1 1 0 0
60 long 882 s 60 1 0 0 0 0
61 long 701 s 61 1 0 0 0 0
62 long 695 s 62 1 0 0 0 0
63 short 522 l 63 1 0 0 0 0
64 long 554 s 64 1 0 0 0 0
65 short 504 l 65 1 1 1 0 0
66 short 573 l 66 1 1 1 0 0
67 short 562 l 67 1 1 1 0 0
68 long 525 s 68 1 0 0 0 0
69 short 538 l 69 1 0 0 0 0
70 short 526 l 70 1 0 0 0 0
71 long 904 s 71 1 0 0 0 0
72 short 568 l 72 1 1 1 0 0
73 long 845 s 73 1 1 1 0 0
74 short 589 l 74 1 0 0 0 0
75 short 585 l 75 1 1 1 0 0
76 long 757 s 76 1 0 0 0 0
77 short 614 l 77 1 1 1 0 0
78 short 577 l 78 1 1 1 0 0
79 long 643 s 79 1 0 0 0 0
80 short 564 l 80 1 1 1 0 0
81 long 753 l 81 0 0 0 0 0
82 short 559 l 82 1 1 1 0 0
83 short 553 l 83 1 1 1 0 0
84 short 543 l 84 1 1 1 0 0
85 long 746 s 85 1 0 0 0 0
86 short 544 l 86 1 0 0 0 0
87 long 592 s 87 1 0 0 0 0
88 long 813 s 88 1 1 1 0 0
89 long 579 s 89 1 0 0 0 0
90 short 532 l 90 1 1 1 0 0
91 long 829 s 91 1 0 0 0 0
92 long 906 s 92 1 0 0 0 0
93 long 651 s 93 1 0 0 0 0
94 short 514 l 94 1 0 0 0 0
95 long 564 s 95 1 0 0 0 0
96 short 563 l 96 1 1 1 0 0
97 long 588 s 97 1 0 0 0 0
98 short 657 l 98 1 0 0 0 0
99 long 562 s 99 1 0 0 0 0
100 short 507 s 100 0 0 0 0 0
101 short 1088 l 101 1 1 1 0 0
102 long 968 s 102 1 0 0 0 0
103 long 1367 l 103 0 0 0 0 0
104 long 594 s 104 1 0 0 0 0
105 short 552 l 105 1 1 1 0 0
106 short 539 l 106 1 1 1 0 0
107 long 587 s 107 1 0 0 0 0
108 long 504 s 108 1 1 1 0 0
109 long 447 s 109 1 0 0 0 0
110 short 583 l 110 1 0 0 0 0
111 short 677 l 111 1 0 0 0 0
112 short 843 l 112 1 0 0 0 0
113 long 507 s 113 1 0 0 0 0
114 short 539 l 114 1 1 1 0 0
115 short 535 l 115 1 1 1 0 0
116 short 490 l 116 1 1 1 0 0
117 long 537 s 117 1 0 0 0 0
118 short 622 l 118 1 1 1 0 0
119 long 808 s 119 1 0 0 0 0
120 long 493 l 120 0 0 1 0 0
121 long 893 l 121 0 0 0 0 1
122 short 548 l 122 1 1 1 0 1
123 long 764 l 123 0 0 0 0 1
124 long 1123 s 124 1 0 0 0 1
125 short 969 l 125 1 0 0 0 0
126 short 580 l 126 1 1 1 0 0
127 short 598 l 127 1 1 1 0 0
128 long 792 l 128 0 0 0 0 0
129 short 510 s 129 0 0 1 0 0
130 long 804 s 130 1 0 0 1 0
131 short 913 l 131 1 0 0 1 0
132 long 638 s 132 1 0 0 0 0
133 short 483 l 133 1 1 1 0 0
134 long 1311 s 134 1 1 1 0 0
135 short 513 l 135 1 0 0 0 0
136 long 935 s 136 1 0 0 0 0
137 long 602 s 137 1 0 0 0 0
138 short 533 l 138 1 1 1 0 0
139 long 814 s 139 1 0 0 0 0
140 short 574 l 140 1 1 1 0 0
141 long 695 s 141 1 0 0 0 0
142 short 645 l 142 1 1 1 0 0
143 long 664 s 143 1 0 0 0 0
144 long 653 s 144 1 0 0 0 0
145 short 613 l 145 1 1 1 0 0
146 short 875 s 146 0 0 1 0 0
147 long 540 s 147 1 0 0 1 0
148 short 736 s 148 0 0 0 1 0
149 short 532 l 149 1 1 1 1 0
150 short 423 l 150 1 0 0 1 0
151 long 547 s 151 1 0 0 0 0
152 long 534 s 152 1 1 1 0 0
153 long 762 s 153 1 0 0 0 0
154 short 523 l 154 1 1 1 0 0
155 long 608 s 155 1 0 0 0 0
156 short 758 l 156 1 1 1 0 0
157 short 680 s 157 0 0 1 0 0
158 long 598 s 158 1 0 0 1 0
159 long 506 s 159 1 0 0 1 0
160 short 557 l 160 1 1 1 1 0
161 long NA NA 161 0 0 0 1 0
162 short 586 l 162 1 0 0 1 0
163 short 450 l 163 1 0 0 0 0
164 short 488 l 164 1 1 1 0 0
165 long 586 s 165 1 1 1 0 0
166 long 631 s 166 1 1 1 0 0
167 long 964 s 167 1 0 0 0 0
168 short 523 l 168 1 1 1 0 0
169 short 619 l 169 1 1 1 0 0
170 long 538 s 170 1 0 0 0 0
171 long 459 s 171 1 0 0 0 0
172 short 596 l 172 1 0 0 0 0
173 short 556 l 173 1 1 1 0 0
174 short 498 l 174 1 1 1 0 0
175 long 562 l 175 0 0 0 0 0
176 long 526 s 176 1 0 0 0 0
177 long 580 s 177 1 0 0 0 0
178 short 438 l 178 1 1 1 0 0
179 short 558 l 179 1 0 0 0 0
180 short 503 s 180 0 0 1 0 0
181 long 532 s 181 1 0 0 1 0
182 long 733 s 182 1 0 0 1 0
183 short 467 l 183 1 1 1 1 0
184 long 584 s 184 1 0 0 1 0
185 short 515 l 185 1 0 0 1 0
186 long 437 s 186 1 1 1 0 0
187 short 457 l 187 1 0 0 0 0
188 short 808 l 188 1 0 0 0 0
189 long 754 s 189 1 0 0 0 0
190 short 633 l 190 1 1 1 0 0
191 long 647 s 191 1 0 0 0 0
192 short 796 l 192 1 0 0 0 0
193 long 524 s 193 1 1 1 0 0
194 long 537 l 194 0 0 0 0 0
195 short 510 l 195 1 1 1 0 0
196 long 503 s 196 1 0 0 0 0
197 short 667 l 197 1 0 0 0 0
198 short 2353 s 198 0 0 0 0 0
199 long 437 l 199 0 0 0 0 0
200 long 719 s 200 1 0 0 0 0
201 short 720 l 201 1 1 1 0 0
202 long 589 l 202 0 0 1 0 0
203 long 604 s 203 1 0 0 0 1
204 short 481 l 204 1 0 0 0 0
205 long 920 s 205 1 0 0 0 0
206 long 820 s 206 1 0 0 0 0
207 long 549 s 207 1 0 0 0 0
208 short 571 l 208 1 1 1 0 0
209 long 702 l 209 0 0 0 0 0
210 long 515 s 210 1 0 0 0 0
211 short 567 l 211 1 1 1 0 0
212 long 1176 s 212 1 0 0 0 0
213 short 730 l 213 1 1 1 0 0
214 short 787 l 214 1 1 1 0 0
215 short 610 l 215 1 1 1 0 0
216 long 759 s 216 1 0 0 0 0
217 long 529 s 217 1 0 0 0 0
218 short 542 l 218 1 1 1 0 0
219 long 983 s 219 1 1 1 0 0
220 long 562 s 220 1 0 0 0 0
221 short 470 l 221 1 1 1 0 0
222 short 591 l 222 1 0 0 0 0
223 long 1362 s 223 1 0 0 0 0
224 short 628 l 224 1 1 1 0 0
225 short 488 l 225 1 1 1 0 0
226 long 798 s 226 1 0 0 0 0
227 long 554 s 227 1 0 0 0 0
228 short 477 l 228 1 1 1 0 0
229 short 643 l 229 1 0 0 0 0
230 long 664 s 230 1 0 0 0 0
231 short 590 l 231 1 1 1 0 0
232 long 601 s 232 1 0 0 0 0
233 short 566 l 233 1 1 1 0 0
234 long 702 s 234 1 0 0 0 0
235 long 569 s 235 1 1 1 0 0
236 short 479 l 236 1 1 1 0 0
237 short 508 l 237 1 1 1 0 0
238 long 778 s 238 1 0 0 0 0
239 long 581 s 239 1 0 0 0 0
240 short 577 l 240 1 1 1 0 0
241 long 604 s 241 1 0 0 0 0
242 short 514 l 242 1 1 1 0 0
243 long 659 s 243 1 0 0 0 0
244 long 573 s 244 1 0 0 0 0
245 short 559 l 245 1 1 1 0 0
246 short 527 l 246 1 1 1 0 0
247 short 526 l 247 1 1 1 0 0
248 long 585 s 248 1 0 0 0 0
249 long 683 s 249 1 1 1 0 0
250 short 448 l 250 1 0 0 0 0
251 long 542 s 251 1 0 0 0 0
252 long 592 l 252 0 0 0 0 0
253 short 440 l 253 1 1 1 0 0
254 long 725 s 254 1 0 0 0 0
255 long 435 s 255 1 0 0 0 0
256 short 660 l 256 1 1 1 0 0
257 long 580 s 257 1 0 0 0 0
258 short 567 l 258 1 0 0 0 0
259 long 550 s 259 1 1 1 0 0
260 short 603 l 260 1 0 0 0 0
261 short 452 l 261 1 1 1 0 0
262 short 459 l 262 1 0 0 0 0
263 long 860 s 263 1 0 0 0 0
264 short 622 l 264 1 1 1 0 0
265 long 544 s 265 1 0 0 0 0
266 long 529 s 266 1 0 0 0 0
267 long 953 s 267 1 1 1 0 0
268 short 529 l 268 1 1 1 0 0
269 short 491 l 269 1 0 0 0 0
270 short 596 l 270 1 1 1 0 0
271 long 647 s 271 1 0 0 0 0
272 long 774 s 272 1 0 0 0 0
273 long 580 s 273 1 0 0 0 0
274 short 506 l 274 1 1 1 0 0
275 long 726 s 275 1 0 0 0 0
276 long 599 s 276 1 0 0 0 0
277 short 1347 l 277 1 1 1 0 0
278 short 490 l 278 1 0 0 0 0
279 short 480 l 279 1 1 1 0 0
280 long 568 s 280 1 0 0 0 0
281 short 809 l 281 1 1 1 0 0
282 short 2058 s 282 0 0 0 0 0
283 short 643 l 283 1 0 0 0 0
284 long 514 l 284 0 0 0 0 0
285 short 475 s 285 0 0 0 0 0
286 short 537 l 286 1 0 0 0 0
287 long 800 s 287 1 0 0 0 0
288 long 553 s 288 1 1 1 0 0
289 long 658 s 289 1 0 0 0 0
290 short 670 l 290 1 1 1 0 0
291 short 2612 l 291 1 0 0 0 0
292 short 690 s 292 0 0 0 0 0
293 long 665 s 293 1 0 0 0 0
294 long 1173 s 294 1 0 0 0 0
295 long 766 l 295 0 0 1 0 0
296 short 557 l 296 1 1 1 0 1
297 short 531 l 297 1 0 0 0 1
298 short 466 l 298 1 0 0 0 1
299 long 1244 s 299 1 0 0 0 1
300 short 897 l 300 1 0 0 0 0
